area_id,area_pid,area_cid
100000,1000,10
100009,1009,19
110000,1100,11
230009,2300,23
310009,3100,31
330000,3300,33
340000,3400,34
380000,3800,38
390000,3900,39
440000,4400,44
490000,4900,49
520000,5200,52
540000,5400,54
550000,5500,55
598009,5980,59
600000,6000,60
610009,6100,61
620000,6200,62
630000,6300,63
650000,6400,65
660000,6600,66
700000,7000,70
810000,8100,81
820000,8200,82
840000,8400,84
852000,8520,86
853000,8530,86
860009,8609,86
861000,8610,86
862000,8620,86
862009,8620,86
862100,8621,86
862200,8622,86
862300,8623,86
862400,8624,86
862409,8624,86
862500,8625,86
862509,8625,86
862700,8627,86
862709,8627,86
862800,8628,86
862809,8628,86
862900,8629,86
862909,8629,86
863100,8631,86
863110,8631,86
863119,8631,86
863120,8631,86
863130,8631,86
863140,8631,86
863150,8631,86
863160,8631,86
863170,8631,86
863180,8631,86
863190,8631,86
863350,8631,86
863490,8634,86
863500,8634,86
863510,8634,86
863519,8634,86
863520,8634,86
863530,8634,86
863540,8634,86
863550,8634,86
863560,8634,86
863570,8634,86
863580,8634,86
863590,8634,86
863700,8637,86
863710,8637,86
863719,8637,86
863720,8637,86
863730,8637,86
863740,8637,86
863750,8637,86
863760,8637,86
863770,8637,86
863780,8637,86
863790,8637,86
863910,8637,86
863920,8637,86
863930,8637,86
863940,8637,86
863950,8637,86
863960,8637,86
863980,8637,86
864100,8624,86
864110,8624,86
864120,8624,86
864130,8624,86
864140,8624,86
864150,8624,86
864160,8624,86
864170,8624,86
864180,8624,86
864190,8624,86
864210,8624,86
864270,8624,86
864290,8624,86
864310,8643,86
864319,8643,86
864320,8643,86
864330,8643,86
864340,8643,86
864350,8643,86
864360,8643,86
864370,8643,86
864380,8643,86
864390,8643,86
864510,8645,86
864519,8645,86
864520,8645,86
864530,8645,86
864540,8645,86
864550,8645,86
864560,8645,86
864570,8645,86
864580,8645,86
864590,8645,86
864640,8645,86
864670,8645,86
864680,8645,86
864690,8645,86
864700,8647,86
864710,8647,86
864719,8647,86
864720,8647,86
864730,8647,86
864740,8647,86
864750,8647,86
864760,8647,86
864770,8647,86
864780,8647,86
864790,8647,86
864820,8647,86
864830,8647,86
865100,8625,86
865110,8625,86
865120,8625,86
865130,8625,86
865140,8625,86
865150,8625,86
865160,8625,86
865170,8625,86
865180,8625,86
865190,8625,86
865230,8625,86
865270,8625,86
865300,8653,86
865310,8653,86
865319,8653,86
865320,8653,86
865330,8653,86
865340,8653,86
865350,8653,86
865360,8653,86
865370,8653,86
865380,8653,86
865390,8653,86
865430,8653,86
865460,8653,86
865500,8655,86
865510,8655,86
865519,8655,86
865520,8655,86
865530,8655,86
865540,8655,86
865550,8655,86
865560,8655,86
865570,8655,86
865580,8655,86
865581,8655,86
865590,8655,86
865620,8655,86
865630,8655,86
865640,8655,86
865650,8655,86
865660,8655,86
865700,8657,86
865710,8657,86
865719,8657,86
865720,8657,86
865730,8657,86
865740,8657,86
865750,8657,86
865760,8657,86
865770,8657,86
865780,8657,86
865790,8657,86
865800,8657,86
865910,8659,86
865919,8659,86
865920,8659,86
865930,8659,86
865940,8659,86
865950,8659,86
865960,8659,86
865970,8659,86
865980,8659,86
865990,8659,86
866310,8653,86
866320,8653,86
866330,8653,86
866340,8653,86
866350,8653,86
866600,8620,86
866620,8620,86
866630,8620,86
866680,8620,86
866910,8669,86
866920,8669,86
867010,8670,86
867100,8627,86
867110,8627,86
867120,8627,86
867130,8627,86
867140,8627,86
867150,8627,86
867160,8627,86
867170,8627,86
867180,8627,86
867190,8627,86
867220,8627,86
867240,8627,86
867280,8627,86
867281,8627,86
867282,8627,86
867300,8673,86
867310,8673,86
867319,8673,86
867320,8673,86
867330,8673,86
867340,8673,86
867350,8673,86
867360,8673,86
867370,8673,86
867380,8673,86
867390,8673,86
867430,8673,86
867440,8673,86
867450,8673,86
867460,8673,86
867500,8620,86
867510,8620,86
867520,8620,86
867530,8620,86
867540,8620,86
867550,8620,86
867560,8620,86
867570,8620,86
867580,8620,86
867590,8620,86
867600,8620,86
867620,8620,86
867630,8620,86
867660,8620,86
867680,8620,86
867690,8620,86
867700,8677,86
867710,8677,86
867711,8677,86
867719,8677,86
867720,8677,86
867721,8677,86
867730,8677,86
867740,8677,86
867741,8677,86
867750,8677,86
867751,8677,86
867760,8677,86
867770,8677,86
867780,8677,86
867790,8677,86
867900,8670,86
867910,8670,86
867919,8670,86
867920,8670,86
867930,8670,86
867940,8670,86
867950,8670,86
867960,8670,86
867970,8670,86
867980,8670,86
867990,8670,86
868120,8628,86
868130,8628,86
868160,8628,86
868170,8628,86
868180,8628,86
868250,8628,86
868260,8628,86
868270,8628,86
868300,8628,86
868310,8628,86
868320,8628,86
868321,8628,86
868330,8628,86
868331,8628,86
868340,8628,86
868350,8628,86
868360,8628,86
868370,8628,86
868380,8628,86
868390,8628,86
868510,8685,86
868519,8685,86
868520,8685,86
868530,8685,86
868540,8685,86
868550,8685,86
868560,8685,86
868570,8685,86
868580,8685,86
868590,8685,86
868610,8655,86
868700,8669,86
868710,8669,86
868719,8669,86
868720,8669,86
868730,8669,86
868740,8669,86
868750,8669,86
868760,8669,86
868770,8669,86
868780,8669,86
868790,8669,86
868830,8669,86
868860,8669,86
868870,8669,86
868880,8669,86
868910,8688,86
868919,8688,86
868920,8688,86
868930,8688,86
868940,8688,86
868950,8688,86
868960,8688,86
868970,8688,86
868980,8689,86
868981,8689,86
868989,8689,86
869010,8690,86
869020,8690,86
869030,8690,86
869060,8690,86
869080,8690,86
869090,8690,86
869100,8629,86
869110,8629,86
869120,8629,86
869130,8629,86
869140,8629,86
869150,8629,86
869160,8629,86
869170,8629,86
869190,8629,86
869300,8693,86
869310,8693,86
869319,8693,86
869320,8693,86
869330,8693,86
869340,8693,86
869350,8693,86
869351,8693,86
869352,8693,86
869360,8693,86
869370,8693,86
869371,8693,86
869380,8693,86
869410,8693,86
869430,8693,86
869510,8695,86
869519,8695,86
869520,8695,86
869530,8695,86
869540,8695,86
869700,8697,86
869710,8697,86
869719,8697,86
869720,8697,86
869730,8697,86
869740,8697,86
869750,8697,86
869760,8697,86
869770,8697,86
869900,8690,86
869910,8690,86
869919,8690,86
869920,8690,86
869940,8690,86
869950,8690,86
869960,8690,86
869970,8690,86
869980,8690,86
869990,8690,86
886000,8860,88
900000,9000,90
910000,9100,91
966000,9660,96